>> print_table
 Dev#3-1          ue      Ntrp_e          uh      Ntrp_h       phi_t         phi        phi0         sig
-------------------------------------------------------------------------------------------------------------
       1   5.781e+01   4.296e+12   2.966e+01   3.819e+12   4.533e-01   1.676e-01   4.132e-01   6.691e-01
       2   3.308e+01   9.041e+12   5.698e+01   2.068e+12   3.587e-01  -1.914e+00   1.088e-02         NaN
       3         NaN         NaN         NaN         NaN   4.766e-01         NaN   5.505e+00         NaN

 Dev#3-2          ue      Ntrp_e          uh      Ntrp_h       phi_t         phi        phi0         sig
-------------------------------------------------------------------------------------------------------------
       1   2.915e+02   4.626e+12   5.735e+01   5.653e+12   4.000e-01  -5.158e+00   1.356e+01   4.700e-01
       2   1.222e+02   1.274e+13   1.746e-01   6.697e+11   3.608e-01   2.466e-02   3.950e-01         NaN
       3         NaN         NaN         NaN         NaN   3.576e-01   1.232e+00   1.664e+00         NaN

 Dev#3-4          ue      Ntrp_e          uh      Ntrp_h       phi_t         phi        phi0         sig
-------------------------------------------------------------------------------------------------------------
       1   6.494e+01   7.033e+12   4.900e+01   8.982e+12   6.034e-01   1.002e-01   3.389e-01   4.573e-01
       2   3.353e+01   1.039e+13   1.495e+00  -1.512e+12   3.791e-01  -1.566e+00   2.116e-03         NaN
       3         NaN         NaN         NaN         NaN   4.684e-01   8.737e-01   6.552e+00         NaN

 Dev#5-3          ue      Ntrp_e          uh      Ntrp_h       phi_t         phi        phi0         sig
-------------------------------------------------------------------------------------------------------------
       1   2.849e+02   4.723e+12   1.505e+02   8.255e+12   4.466e-01  -2.844e+00   2.112e+00   9.914e-01
       2   2.972e+02   1.082e+13   4.259e+00   5.876e+11   3.001e-01   3.027e+00   1.577e+00         NaN
       3         NaN         NaN         NaN         NaN   2.537e-01   5.415e+00         NaN         NaN

 Dev#6-5          ue      Ntrp_e          uh      Ntrp_h       phi_t         phi        phi0         sig
-------------------------------------------------------------------------------------------------------------
       1   2.973e+02   1.361e+13   1.166e+02   1.379e+13   1.037e+00   1.546e+00   5.139e-01   7.949e-01
       2   4.904e+01   1.101e+13   6.000e+02   1.020e+12   4.891e-01   1.868e+00   2.364e+00         NaN
       3         NaN         NaN         NaN         NaN   3.320e-01  -1.674e-01         NaN         NaN